T0730 4203300.1396 502195.8775 4203296.4290 502080.0166
TYC08 4209865.6682 500195.5540 4209861.9381 500079.7029
TYC09 4208417.1301 505582.1897 4208413.4014 505466.3220
TYC10 4200083.7505 507713.9079 4200080.0464 507598.0298
TYC14 4197043.2372 496894.7094 4197039.5508 496778.8657
SX17 4203684.4473 490943.0426 4203680.7429 490827.2285
TYO1 4209327.1641 493938.7200 4209323.4390 493822.8902
TY09 4193585.4487 499010.1306 4193581.7716 498894.2765
TYGI 4193631.4410 503867.2434 4193627.7592 503751.3724
B1219 4234352.7483 521557.8526 4234348.9288 521441.9498
B1235 1 1 4207411.5457 508920.5649
TYB01 1 1 4223336.5100 503348.2256
TY05 1 1 4215537.7955 522268.7629
TYC07 1 1 4214885.3144 508600.4758
SXC593 1 1 4226347.3511 525632.3013